-2.855089612082259976e+00 5.420720749921501547e-01 -1.463920711626856885e+00 2.503711857462615598e+00 6.500795781596422351e-01 -2.483471329603271993e+00 -1.049549233911928781e+00 1.484851782543438636e+00 -5.217492530695932995e-01 3.952593805249070558e-01
1.974698605071123936e+00 -2.988958805493398541e-01 -4.960832033809704500e-01 -2.147923996246854372e+00 1.408571979045127875e+00 -1.543061282519920141e+00 2.370921800929840284e+00 -2.287859723239856979e+00 -2.985550565852488347e+00 -1.910794866959454330e-01
-1.902163107173092893e+00 -2.750664306524479130e+00 5.206944640945557756e-01 -1.295365727515749965e+00 1.169093572955260729e+00 2.800988572012260480e+00 -2.422689122503597581e+00 1.177928368771610668e+00 -5.144737110621155907e-01 -2.305418608218241516e+00
-4.709928112947172176e-04 -8.000083384987138890e-01 8.356168784785101833e-01 -2.747289444801477298e+00 2.679092643809655172e+00 -2.725387211483249583e+00 -6.469262427776408808e-01 2.945464511175317934e+00 -7.993510841601191297e-01 -2.993562789834178783e-01
2.839519216898094278e+00 1.487576189206568422e+00 2.926516719703510461e+00 1.834575697341855882e-01 2.551978286101056259e+00 -2.596027099310697306e+00 1.085165300684097361e-01 -4.139519816430871635e-01 -1.676575160986398583e+00 -4.121895614506753680e-01
1.619921812481893042e+00 -1.858484827133823236e+00 1.260670963615575513e+00 2.380317897908698299e+00 -2.520989671301016255e+00 -1.630376872687576972e-01 -1.919631113072289175e+00 -9.965356436139838348e-01 -1.339123833387116269e+00 -2.481011947025144604e+00
3.142875766746943689e-01 -2.486254358453676705e+00 -1.941519955157343880e+00 4.252446732577521704e-01 5.950472005663149516e-02 -2.329677727743938220e+00 1.277403859082621995e+00 2.200891556913861624e+00 -2.998790624183549774e-02 -2.420003508660828473e+00
-2.980112904470221258e-01 -2.130079079640388340e+00 -1.890941843141964229e+00 8.203082770197359652e-01 5.563404992001048655e-01 8.285941643860130768e-01 -1.403546408667575962e+00 -3.815532006932914610e-01 1.604210100154629171e+00 2.487112199240052668e+00
-4.152332421379936189e-01 1.584124030475845935e+00 2.004977102479561957e+00 1.460779759188813864e-01 2.621913736554309371e-01 -9.149288819171885745e-01 1.787807237511935377e+00 1.222529413042000357e+00 7.666183441429837986e-01 1.770195253591847040e+00
1.229666317313799218e-01 -2.871833854410620335e-01 1.431767202191125410e+00 2.192284527799323701e+00 -8.797511422134224324e-01 1.280557628854085417e+00 -1.258329065600507279e+00 8.483698447174390367e-01 2.147885831051885575e-01 -2.861391909622718610e-01
